0,1,2,3,4,5,6,7,8,9,10,11,12,13,14,15,16,17,18,19,20,21,22,23,24,25,26,27,28,29,30,31,32,33,34,35
0.46404361724853516,0.4344441592693329,-0.08605970442295074,-0.03262215852737427,0.08110681176185608,0.09657550230622292,-0.06976979970932007,0.17396798729896545,-0.002890750765800476,-0.08701151609420776,0.181655615568161,-0.02670520544052124,-0.08915990591049194,0.18659159541130066,-0.06429828703403473,-0.08192282915115356,0.1840013563632965,-0.03338468819856644,0.5280815362930298,0.43153926730155945,-0.08605970442295074,-0.013359785079956055,0.13046196103096008,-0.46545587480068207,-0.06882083415985107,0.224066823720932,-0.49384544789791107,-0.08414280414581299,0.2480100691318512,-0.5535189360380173,-0.09175661206245422,0.24287596344947815,-0.5436227768659592,-0.08944755792617798,0.235053151845932,-0.49118654429912567
0.4648166298866272,0.43334823846817017,-0.07413968443870544,-0.03339383006095886,0.08160322904586792,0.08473181072622538,-0.0710807740688324,0.1754148006439209,-0.013754971325397491,-0.08785805106163025,0.18386197090148926,-0.022151857614517212,-0.08988642692565918,0.18820863962173462,-0.07305550575256348,-0.08268582820892334,0.1859256625175476,-0.041010208427906036,0.5247234106063843,0.4300020635128021,-0.07413968443870544,-0.017217397689819336,0.13142290711402893,-0.4840119779109955,-0.07659119367599487,0.2125256359577179,-0.5152800381183624,-0.09397885203361511,0.2323528230190277,-0.5769491493701935,-0.10167905688285828,0.22628208994865417,-0.5654363930225372,-0.09924513101577759,0.21948310732841492,-0.5124282538890839
0.464810848236084,0.43285295367240906,-0.06502632051706314,-0.03394514322280884,0.0822916328907013,0.0724941911175847,-0.07135516405105591,0.17658087611198425,-0.028563745319843292,-0.08786219358444214,0.18640097975730896,-0.03399349004030228,-0.08974295854568481,0.18951597809791565,-0.0866948738694191,-0.08265379071235657,0.18734070658683777,-0.05452895909547806,0.5206339955329895,0.42925339937210083,-0.06502632051706314,-0.024137169122695923,0.13144665956497192,-0.4780684933066368,-0.09297385811805725,0.20613282918930054,-0.5010465607047081,-0.10626617074012756,0.22592014074325562,-0.5589286908507347,-0.11382758617401123,0.22005504369735718,-0.5497567877173424,-0.11087590456008911,0.2133089303970337,-0.49918415397405624
0.46478280425071716,0.4326147437095642,-0.06188853830099106,-0.0340995192527771,0.08259934186935425,0.07474269531667233,-0.07163813710212708,0.17706298828125,-0.02728918194770813,-0.08785173296928406,0.18734413385391235,-0.030357077717781067,-0.0896533727645874,0.1902174949645996,-0.08334999531507492,-0.08260786533355713,0.1880338191986084,-0.05255579948425293,0.5193758606910706,0.42904987931251526,-0.06188853830099106,-0.021290063858032227,0.13155367970466614,-0.48159924894571304,-0.08435860276222229,0.2072763741016388,-0.5029431357979774,-0.09946170449256897,0.22843679785728455,-0.561957873404026,-0.10745403170585632,0.2232203185558319,-0.5505457296967506,-0.10507214069366455,0.2160341441631317,-0.5000948086380959
0.4647928774356842,0.4323052167892456,-0.05725924298167229,-0.03410634398460388,0.08287918567657471,0.08800737746059895,-0.0719083845615387,0.1773536205291748,-0.01467222347855568,-0.08792245388031006,0.18759924173355103,-0.020097319036722183,-0.08964914083480835,0.1905173659324646,-0.0751986987888813,-0.0826021134853363,0.1883367896080017,-0.041132982820272446,0.5193175673484802,0.42869216203689575,-0.05725924298167229,-0.016344785690307617,0.13061308860778809,-0.4936484284698963,-0.07304048538208008,0.20959538221359253,-0.5240560360252857,-0.08903607726097107,0.2319495677947998,-0.5860547013580799,-0.09652471542358398,0.22748124599456787,-0.5744744725525379,-0.09482339024543762,0.2197277545928955,-0.520863551646471
0.4650367796421051,0.4317520558834076,-0.06179261952638626,-0.03425392508506775,0.08412620425224304,0.0994483008980751,-0.07232436537742615,0.17790260910987854,0.008567094802856445,-0.08818110823631287,0.18813076615333557,0.005853917449712753,-0.089881032705307,0.19106629490852356,-0.04931778460741043,-0.08283352851867676,0.1888752281665802,-0.017382673919200897,0.5192363858222961,0.42871952056884766,-0.06179261952638626,-0.013572633266448975,0.13023751974105835,-0.4917001649737358,-0.06575065851211548,0.2118934988975525,-0.5184672996401787,-0.07967972755432129,0.23406696319580078,-0.5797312185168266,-0.08715730905532837,0.23119670152664185,-0.5686849281191826,-0.08559733629226685,0.2235947847366333,-0.5151276513934135
0.4651111960411072,0.4311888515949249,-0.06864462792873383,-0.033969730138778687,0.08732268214225769,0.10378605499863625,-0.0724344551563263,0.17922595143318176,0.024051900953054428,-0.0882669985294342,0.1887255609035492,0.024067871272563934,-0.0899394154548645,0.19188198447227478,-0.030443519353866577,-0.08289575576782227,0.1898992359638214,-0.0011293590068817139,0.5192922949790955,0.4283735156059265,-0.06864462792873383,-0.0111350417137146,0.1301366090774536,-0.4864394813776016,-0.05935582518577576,0.21548545360565186,-0.5121620446443558,-0.07062256336212158,0.23975682258605957,-0.5725700408220291,-0.07747849822044373,0.23689180612564087,-0.5617857724428177,-0.07590121030807495,0.22966903448104858,-0.508685901761055
0.46510615944862366,0.43014320731163025,-0.08219035714864731,-0.03381410241127014,0.08856061100959778,0.10873612388968468,-0.07240331172943115,0.1803095042705536,0.034925565123558044,-0.08826085925102234,0.1895516812801361,0.03669840097427368,-0.08992347121238708,0.19282683730125427,-0.017378389835357666,-0.08288243412971497,0.19093313813209534,0.010353215038776398,0.5196599960327148,0.42856931686401367,-0.08219035714864731,-0.009100914001464844,0.12971174716949463,-0.4712396636605263,-0.05362421274185181,0.225388765335083,-0.4932583346962929,-0.06276193261146545,0.25099068880081177,-0.5516489520668983,-0.06939688324928284,0.24908244609832764,-0.5418724194169044,-0.0682992935180664,0.2417508363723755,-0.4901847019791603
0.4649229943752289,0.43000665307044983,-0.09047757089138031,-0.03314703702926636,0.08710208535194397,0.11316322349011898,-0.07195407152175903,0.17995378375053406,0.046705298125743866,-0.08789977431297302,0.18856671452522278,0.0501084178686142,-0.08966931700706482,0.1924513876438141,-0.0033711716532707214,-0.08266797661781311,0.19042304158210754,0.022716328501701355,0.5202576518058777,0.42873290181159973,-0.09047757089138031,-0.004544973373413086,0.1286877691745758,-0.46208514273166656,-0.050141364336013794,0.2302839457988739,-0.47485847771167755,-0.05554783344268799,0.25779780745506287,-0.5287755876779556,-0.058889150619506836,0.2566443383693695,-0.5197135955095291,-0.05683434009552002,0.24869605898857117,-0.47147543728351593
0.4641547203063965,0.43098095059394836,-0.13022686541080475,-0.03303208947181702,0.08549967408180237,0.09397849813103676,-0.07053357362747192,0.17831578850746155,0.049873508512973785,-0.08706241846084595,0.18646499514579773,0.05482402443885803,-0.08888828754425049,0.19103315472602844,0.003860369324684143,-0.08188086748123169,0.18859753012657166,0.027326121926307678,0.5203604102134705,0.4316194951534271,-0.13022686541080475,0.01991969347000122,0.12861135601997375,-0.4164818376302719,0.013545453548431396,0.24181833863258362,-0.4220465272665024,0.018613159656524658,0.2683200538158417,-0.47022388875484467,0.009803712368011475,0.2702036201953888,-0.4673692435026169,0.0072789788246154785,0.2630540430545807,-0.4218622297048569
0.4637119770050049,0.4313271641731262,-0.13759835064411163,-0.032788604497909546,0.08357882499694824,0.08440148457884789,-0.06977617740631104,0.17742502689361572,0.04226217418909073,-0.08660930395126343,0.18540501594543457,0.045842550694942474,-0.08846431970596313,0.1903398633003235,-0.0036904364824295044,-0.08142346143722534,0.18765711784362793,0.020059168338775635,0.5208780765533447,0.43581587076187134,-0.13759835064411163,0.029275357723236084,0.12650370597839355,-0.4012812227010727,0.02780735492706299,0.24513614177703857,-0.4068581312894821,0.034392714500427246,0.27136296033859253,-0.4538617581129074,0.022769808769226074,0.2725451588630676,-0.45247821509838104,0.02082270383834839,0.2654533386230469,-0.4079264849424362
0.4629354476928711,0.43166157603263855,-0.1278819739818573,-0.03202095627784729,0.08212998509407043,0.09171131625771523,-0.06872111558914185,0.17682155966758728,0.035759881138801575,-0.08581733703613281,0.18466827273368835,0.043723247945308685,-0.08768045902252197,0.18973270058631897,-0.0022328346967697144,-0.08063459396362305,0.18699023127555847,0.013256721198558807,0.5214217305183411,0.4366527795791626,-0.1278819739818573,0.03461223840713501,0.12306135892868042,-0.37083494663238525,0.04784518480300903,0.2399640679359436,-0.3751715123653412,0.05728709697723389,0.26535898447036743,-0.4180208742618561,0.04830223321914673,0.2663690447807312,-0.4198785126209259,0.045910537242889404,0.2590515613555908,-0.3769597113132477
0.4624006748199463,0.4320402145385742,-0.09403938055038452,-0.03147706389427185,0.08034080266952515,0.10698785819113255,-0.06788617372512817,0.17559713125228882,0.07014894671738148,-0.08519452810287476,0.18356436491012573,0.08017753344029188,-0.0870870053768158,0.18869560956954956,0.030645057559013367,-0.08002603054046631,0.18572306632995605,0.048383716493844986,0.5214947462081909,0.43596839904785156,-0.09403938055038452,0.040302813053131104,0.11707711219787598,-0.3611048758029938,0.0650947093963623,0.2341299057006836,-0.3724692463874817,0.07546067237854004,0.2584250569343567,-0.41470885276794434,0.06377434730529785,0.2659680247306824,-0.4178875684738159,0.06078076362609863,0.2577635645866394,-0.3736293911933899
0.4618624746799469,0.432097464799881,-0.09292338788509369,-0.030936241149902344,0.0795845091342926,0.1072490606456995,-0.06724387407302856,0.1751348078250885,0.07263267040252686,-0.0846567451953888,0.18315276503562927,0.0824082251638174,-0.08654236793518066,0.18827572464942932,0.03261875361204147,-0.07948040962219238,0.1852169930934906,0.05088777840137482,0.5217958688735962,0.4348289668560028,-0.09292338788509369,0.045046210289001465,0.11292549967765808,-0.36331526935100555,0.07317465543746948,0.22885796427726746,-0.3766341954469681,0.08589434623718262,0.25364717841148376,-0.41916950047016144,0.07409405708312988,0.2622999846935272,-0.4227036386728287,0.06998777389526367,0.25506356358528137,-0.3780318945646286
0.4617021679878235,0.43199965357780457,-0.12402474880218506,-0.03065800666809082,0.07882228493690491,0.11235620547086,-0.06700250506401062,0.17486503720283508,0.0980977863073349,-0.0844944417476654,0.18316420912742615,0.09829869493842125,-0.08637553453445435,0.18826380372047424,0.047700896859169006,-0.07931271195411682,0.18507280945777893,0.07376062870025635,0.5243582725524902,0.4350082278251648,-0.12402474880218506,0.04766017198562622,0.11342030763626099,-0.3550662696361542,0.07854688167572021,0.22668808698654175,-0.3701825737953186,0.09595024585723877,0.2525355815887451,-0.4157745838165283,0.08464586734771729,0.26123279333114624,-0.4171297550201416,0.0781896710395813,0.2527397871017456,-0.3710979223251343
0.4610930383205414,0.4328288435935974,-0.11269452422857285,-0.030123412609100342,0.07887142896652222,0.11883790837600827,-0.06638088822364807,0.17403990030288696,0.09387927129864693,-0.08389905095100403,0.1823062300682068,0.10318129230290651,-0.08576205372810364,0.1873146891593933,0.05396462604403496,-0.07869306206703186,0.18416082859039307,0.07214846462011337,0.5275984406471252,0.43202051520347595,-0.11269452422857285,0.0495341420173645,0.11181333661079407,-0.3350730314850807,0.08262687921524048,0.2212710678577423,-0.3536382392048836,0.10201674699783325,0.24855366349220276,-0.39495573192834854,0.08889490365982056,0.2562728226184845,-0.40117720514535904,0.0817144513130188,0.24866893887519836,-0.35611072927713394
0.46108636260032654,0.4327123761177063,-0.11387152969837189,-0.030094623565673828,0.0789417028427124,0.11921699857339263,-0.06634369492530823,0.1738787293434143,0.0853775404393673,-0.08387619256973267,0.1822185516357422,0.09475753083825111,-0.08574050664901733,0.18712890148162842,0.0446876585483551,-0.07867565751075745,0.18398010730743408,0.063471470028162,0.5292326807975769,0.43132898211479187,-0.11387152969837189,0.0480843186378479,0.11286136507987976,-0.3482998460531235,0.08112812042236328,0.22176936268806458,-0.3653203994035721,0.09990590810775757,0.2490832507610321,-0.40824656188488007,0.08814126253128052,0.2558816373348236,-0.41405652463436127,0.08089709281921387,0.24810346961021423,-0.36782269179821014
0.4610963463783264,0.4324370324611664,-0.12084148079156876,-0.0299757719039917,0.07899406552314758,0.11637844983488321,-0.06630659103393555,0.17407694458961487,0.09208295494318008,-0.08388075232505798,0.1824796497821808,0.09680484421551228,-0.08574563264846802,0.18735435605049133,0.04702027142047882,-0.07867810130119324,0.184202641248703,0.06951772049069405,0.5300774574279785,0.43133604526519775,-0.12084148079156876,0.044899582862854004,0.113350510597229,-0.35067345947027206,0.07766878604888916,0.22217965126037598,-0.36731212586164474,0.09523063898086548,0.2496989369392395,-0.41173287481069565,0.08426588773727417,0.2560952305793762,-0.41553153842687607,0.07721412181854248,0.2481423020362854,-0.36922209709882736
0.46122846007347107,0.4335864186286926,-0.13470660150051117,-0.03010958433151245,0.07785952091217041,0.09319118037819862,-0.0662854015827179,0.17294883728027344,0.05161510407924652,-0.0839376151561737,0.18132948875427246,0.054355084896087646,-0.08587411046028137,0.18622732162475586,0.0036378949880599976,-0.0787675678730011,0.1830766201019287,0.028978675603866577,0.5316092371940613,0.431496798992157,-0.13470660150051117,0.04152292013168335,0.11841529607772827,-0.36515821516513824,0.04575812816619873,0.24523431062698364,-0.3768974095582962,0.05227845907211304,0.2702786326408386,-0.4236009865999222,0.04336506128311157,0.27297306060791016,-0.42452140152454376,0.041339755058288574,0.26462221145629883,-0.37876202166080475
0.4615534842014313,0.43368425965309143,-0.13604497909545898,-0.030450493097305298,0.07782092690467834,0.09067325666546822,-0.06645497679710388,0.17285379767417908,0.0441691130399704,-0.08417707681655884,0.1812324821949005,0.046673111617565155,-0.08619499206542969,0.1861359179019928,-0.004370063543319702,-0.07904264330863953,0.18297627568244934,0.021288320422172546,0.5315066576004028,0.43226194381713867,-0.13604497909545898,0.03143125772476196,0.1245800256729126,-0.3866156339645386,0.02191483974456787,0.24954015016555786,-0.39850473403930664,0.02618253231048584,0.2746741771697998,-0.4470750689506531,0.016404151916503906,0.27630072832107544,-0.445351779460907,0.014222383499145508,0.26829105615615845,-0.39933907985687256
0.4616442322731018,0.43397757411003113,-0.1401279866695404,-0.0305311381816864,0.07768556475639343,0.09260355681180954,-0.06620544195175171,0.17253336310386658,0.04669003188610077,-0.08374348282814026,0.18082037568092346,0.04963452368974686,-0.08596941828727722,0.1857549250125885,-0.0017567425966262817,-0.07883867621421814,0.1826091706752777,0.023761719465255737,0.532365620136261,0.4326407313346863,-0.1401279866695404,0.02300316095352173,0.13155466318130493,-0.3995719254016876,0.005986332893371582,0.2544248104095459,-0.41114142537117004,0.008736848831176758,0.28009408712387085,-0.4616720378398895,0.0009868741035461426,0.2818979024887085,-0.4586547911167145,-0.0004534125328063965,0.27408844232559204,-0.4112882912158966
0.46172037720680237,0.43432679772377014,-0.14534536004066467,-0.030474483966827393,0.07838127017021179,0.10043752938508987,-0.06590354442596436,0.17225387692451477,0.04562355577945709,-0.08329024910926819,0.18046417832374573,0.04664599150419235,-0.08574271202087402,0.1853974163532257,-0.0070429593324661255,-0.07862588763237,0.18224617838859558,0.021599963307380676,0.5328556895256042,0.4325017035007477,-0.14534536004066467,0.016755282878875732,0.13147416710853577,-0.4103252589702606,-0.007568955421447754,0.25019440054893494,-0.43012407422065735,-0.0064778923988342285,0.27698323130607605,-0.48352524638175964,-0.013561606407165527,0.27801820635795593,-0.48006191849708557,-0.014288067817687988,0.27008965611457825,-0.4300890266895294
0.4623745083808899,0.43417248129844666,-0.11412237584590912,-0.029107093811035156,0.08163490891456604,0.1076740175485611,-0.0666150450706482,0.172980397939682,0.020390808582305908,-0.08392256498336792,0.18081620335578918,0.02854214608669281,-0.08618342876434326,0.18572691082954407,-0.024083778262138367,-0.07899284362792969,0.18309816718101501,-3.5740435123443604e-05,0.5327149629592896,0.4328380823135376,-0.11412237584590912,-0.005573630332946777,0.1301426887512207,-0.43894894421100616,-0.05926311016082764,0.24074870347976685,-0.4650960713624954,-0.06823289394378662,0.2661481499671936,-0.5231641680002213,-0.07341969013214111,0.2634105086326599,-0.5155453234910965,-0.07181942462921143,0.2561343312263489,-0.46316589415073395
0.46296781301498413,0.4338763952255249,-0.09608439356088638,-0.029302924871444702,0.08376091718673706,0.10741185955703259,-0.06824630498886108,0.17357224225997925,0.007344506680965424,-0.08490535616874695,0.18125766515731812,0.015829555690288544,-0.0868799090385437,0.18620526790618896,-0.036999814212322235,-0.07965517044067383,0.18383091688156128,-0.016541704535484314,0.5319007039070129,0.4328373074531555,-0.09608439356088638,-0.014895081520080566,0.12986838817596436,-0.4565003737807274,-0.0690658688545227,0.22682148218154907,-0.48930325359106064,-0.08090946078300476,0.2500349283218384,-0.5500398501753807,-0.08709549903869629,0.24609482288360596,-0.5423629507422447,-0.08514046669006348,0.23950493335723877,-0.4873402938246727
0.46395641565322876,0.4333643317222595,-0.08248106390237808,-0.030287325382232666,0.0844002366065979,0.10260220617055893,-0.06981730461120605,0.17420315742492676,-0.0026999488472938538,-0.08603760600090027,0.18212389945983887,0.004763998091220856,-0.08788636326789856,0.1869792342185974,-0.048860467970371246,-0.08065444231033325,0.18466931581497192,-0.028061307966709137,0.5301163792610168,0.4324628710746765,-0.08248106390237808,-0.017663180828094482,0.1292959451675415,-0.4750535115599632,-0.07340562343597412,0.21733587980270386,-0.5080403313040733,-0.08727264404296875,0.240770161151886,-0.5704732164740562,-0.09484854340553284,0.23497295379638672,-0.5610554441809654,-0.09279680252075195,0.22720766067504883,-0.5054769739508629
0.46455541253089905,0.43332651257514954,-0.07539558410644531,-0.03091651201248169,0.08432617783546448,0.09473059885203838,-0.07080540060997009,0.1745333969593048,-0.006483487784862518,-0.08669039607048035,0.18322786688804626,-0.006889745593070984,-0.08847847580909729,0.1877633035182953,-0.0614631325006485,-0.08125200867652893,0.1854914128780365,-0.03185063600540161,0.5287821292877197,0.43193313479423523,-0.07539558410644531,-0.019509315490722656,0.1294020116329193,-0.4753308892250061,-0.07764387130737305,0.2106054723262787,-0.5064951181411743,-0.09440675377845764,0.23158523440361023,-0.5678216814994812,-0.10210394859313965,0.22639599442481995,-0.5586620569229126,-0.1000971794128418,0.21891161799430847,-0.5042135119438171
0.4648677706718445,0.4332280457019806,-0.0787755474448204,-0.03161004185676575,0.08442535996437073,0.09139346051961184,-0.07125046849250793,0.17580166459083557,-0.024271540343761444,-0.0870942771434784,0.18609926104545593,-0.0319400355219841,-0.0887984037399292,0.18927982449531555,-0.0866265669465065,-0.08158621191978455,0.18689176440238953,-0.05048973113298416,0.5278133749961853,0.43172281980514526,-0.0787755474448204,-0.022499024868011475,0.12938249111175537,-0.47098562866449356,-0.08549445867538452,0.20694738626480103,-0.5015481486916542,-0.10184305906295776,0.22806739807128906,-0.5638915672898293,-0.11012890934944153,0.22282660007476807,-0.5543718114495277,-0.10757917165756226,0.2154795527458191,-0.499492384493351
0.4648559093475342,0.43323075771331787,-0.0822591558098793,-0.03216034173965454,0.08430677652359009,0.09260009042918682,-0.07153445482254028,0.17602825164794922,-0.02634485810995102,-0.08712011575698853,0.18682610988616943,-0.03522857278585434,-0.08874833583831787,0.1897081732749939,-0.08970413357019424,-0.08157318830490112,0.18719124794006348,-0.05257641524076462,0.5268653631210327,0.43124234676361084,-0.0822591558098793,-0.02029472589492798,0.129693865776062,-0.4663006290793419,-0.08096173405647278,0.2063351273536682,-0.49786248058080673,-0.09797495603561401,0.22656279802322388,-0.560357354581356,-0.10620814561843872,0.22090566158294678,-0.5518819913268089,-0.1037103533744812,0.2138325572013855,-0.49627020210027695
0.46484294533729553,0.4329284727573395,-0.07981925457715988,-0.032166868448257446,0.0845583975315094,0.09836653806269169,-0.0720740258693695,0.1763422191143036,-0.0011672675609588623,-0.08773180842399597,0.18696746230125427,-0.008363865315914154,-0.08903735876083374,0.18998774886131287,-0.0628180280327797,-0.08184358477592468,0.18749895691871643,-0.027272984385490417,0.5262869000434875,0.43092408776283264,-0.07981925457715988,-0.016799092292785645,0.1287810504436493,-0.47022730857133865,-0.0732705295085907,0.20896771550178528,-0.5027200654149055,-0.08808183670043945,0.23081240057945251,-0.564410038292408,-0.09587514400482178,0.22583213448524475,-0.5555087998509407,-0.09375417232513428,0.21849772334098816,-0.5005275681614876
0.46483978629112244,0.4324438273906708,-0.0782230943441391,-0.03197863698005676,0.08622470498085022,0.10510597750544548,-0.07209107279777527,0.17721542716026306,0.019833259284496307,-0.08772817254066467,0.1874006688594818,0.017316505312919617,-0.08903709053993225,0.19057664275169373,-0.03713396191596985,-0.08181294798851013,0.188264399766922,-0.005508780479431152,0.5257805585861206,0.43083247542381287,-0.0782230943441391,-0.01557856798171997,0.12865278124809265,-0.4712100178003311,-0.06807133555412292,0.21050497889518738,-0.5014122277498245,-0.08077695965766907,0.23130956292152405,-0.5619585067033768,-0.08775562047958374,0.227812260389328,-0.5533189922571182,-0.085701584815979,0.21979686617851257,-0.4991094022989273
0.46490269899368286,0.43165862560272217,-0.08637119829654694,-0.03174048662185669,0.08757871389389038,0.10599363036453724,-0.07215133309364319,0.17819690704345703,0.02602759748697281,-0.08790361881256104,0.188124418258667,0.024830136448144913,-0.08912676572799683,0.1913743019104004,-0.02957507222890854,-0.08189371228218079,0.1891341209411621,0.0010206997394561768,0.5258575677871704,0.4308428466320038,-0.08637119829654694,-0.014550864696502686,0.1283765733242035,-0.4669124335050583,-0.06273138523101807,0.2148750126361847,-0.49618230760097504,-0.07382923364639282,0.23818698525428772,-0.5559720247983932,-0.08087971806526184,0.23554310202598572,-0.5470883101224899,-0.07924950122833252,0.22824802994728088,-0.4936045855283737
0.4640919268131256,0.43192678689956665,-0.13729585707187653,-0.031073808670043945,0.08473843336105347,0.10536538437008858,-0.07037851214408875,0.17742276191711426,0.05136679857969284,-0.08684393763542175,0.18615931272506714,0.05311848223209381,-0.08828014135360718,0.19014674425125122,-0.00047059357166290283,-0.08106556534767151,0.18764179944992065,0.027587205171585083,0.5278316736221313,0.43157050013542175,-0.13729585707187653,0.006762444972991943,0.12879988551139832,-0.41417358815670013,-0.014134645462036133,0.2354883849620819,-0.43595002591609955,-0.012539386749267578,0.26618555188179016,-0.4874562472105026,-0.019430935382843018,0.2654553949832916,-0.4845290035009384,-0.020146965980529785,0.25692740082740784,-0.43576715886592865
0.4634118676185608,0.43249139189720154,-0.14719076454639435,-0.030729025602340698,0.0838683545589447,0.09789105877280235,-0.06899335980415344,0.17674222588539124,0.05264177918434143,-0.0859978199005127,0.18487945199012756,0.05634245276451111,-0.08759269118309021,0.18917003273963928,0.004165187478065491,-0.08037659525871277,0.18663468956947327,0.029714636504650116,0.5279362201690674,0.43285366892814636,-0.14719076454639435,0.014373421669006348,0.13140830397605896,-0.4034508317708969,0.0036803483963012695,0.2487071454524994,-0.41706131398677826,0.0073493123054504395,0.27822157740592957,-0.46633683145046234,-0.0006448626518249512,0.28070369362831116,-0.46420399844646454,-0.002421081066131592,0.2727811634540558,-0.41769181191921234
0.4631814956665039,0.4325005114078522,-0.14766132831573486,-0.03071659803390503,0.08241090178489685,0.08865205198526382,-0.06838232278823853,0.17612746357917786,0.04691021144390106,-0.0856870710849762,0.1840403974056244,0.0507916659116745,-0.08734902739524841,0.18866696953773499,0.0004312843084335327,-0.08012944459915161,0.18602153658866882,0.02466733753681183,0.5280444622039795,0.43492183089256287,-0.14766132831573486,0.01974308490753174,0.1299215853214264,-0.38740116357803345,0.019088029861450195,0.24745848774909973,-0.39704132080078125,0.025373101234436035,0.2753957211971283,-0.44363731145858765,0.014744400978088379,0.2757449448108673,-0.4432361125946045,0.012505590915679932,0.26871535181999207,-0.39863014221191406
0.4628419280052185,0.43247929215431213,-0.14977532625198364,-0.030378758907318115,0.0796002447605133,0.0896284282207489,-0.06786954402923584,0.175674170255661,0.04817994683980942,-0.08532184362411499,0.18343225121498108,0.05212816596031189,-0.08700796961784363,0.1884249746799469,0.001683056354522705,-0.07978689670562744,0.1857333481311798,0.025937005877494812,0.5285730361938477,0.4373316764831543,-0.14977532625198364,0.0269242525100708,0.1271127462387085,-0.37668532133102417,0.03233683109283447,0.24806874990463257,-0.3852120041847229,0.03962111473083496,0.27327674627304077,-0.4317551851272583,0.03070932626724243,0.2750438451766968,-0.4332401156425476,0.02841418981552124,0.26703721284866333,-0.38745981454849243
0.46281152963638306,0.4325696527957916,-0.14031177759170532,-0.030286699533462524,0.07945707440376282,0.09738297760486603,-0.06774109601974487,0.17469176650047302,0.07993242144584656,-0.08530035614967346,0.18239828944206238,0.09016728401184082,-0.08698707818984985,0.18771615624427795,0.04041461646556854,-0.07975825667381287,0.1848728358745575,0.05843569338321686,0.5306687951087952,0.4370155930519104,-0.14031177759170532,0.043917059898376465,0.1214303970336914,-0.34593328833580017,0.07687300443649292,0.23496460914611816,-0.36167025566101074,0.09510809183120728,0.26067453622817993,-0.40449070930480957,0.08404827117919922,0.2672642469406128,-0.41079074144363403,0.07603400945663452,0.2580104470252991,-0.3646860718727112
0.4624303877353668,0.43261298537254333,-0.13520784676074982,-0.02991124987602234,0.07949170470237732,0.10762690380215645,-0.06710827350616455,0.1741914451122284,0.08408365398645401,-0.08479830622673035,0.1819497048854828,0.09413555637001991,-0.08648952841758728,0.18724200129508972,0.043438978493213654,-0.07922416925430298,0.18425384163856506,0.062226563692092896,0.5316770076751709,0.4358992874622345,-0.13520784676074982,0.04797518253326416,0.11614474654197693,-0.3358726352453232,0.0824815034866333,0.22577306628227234,-0.35045309364795685,0.1014702320098877,0.2533084452152252,-0.3923489898443222,0.09066164493560791,0.25961795449256897,-0.4000035971403122,0.08224809169769287,0.2501320540904999,-0.35369227826595306
0.46220916509628296,0.4338703751564026,-0.10562670230865479,-0.029847145080566406,0.07933712005615234,0.11442871671169996,-0.06678405404090881,0.17291021347045898,0.0876226257532835,-0.08454841375350952,0.1806212067604065,0.0997257512062788,-0.08624058961868286,0.18579137325286865,0.05058690905570984,-0.07897254824638367,0.18280065059661865,0.06644536182284355,0.5317952036857605,0.4335668683052063,-0.10562670230865479,0.04763448238372803,0.1112719178199768,-0.3349297344684601,0.08314669132232666,0.21839743852615356,-0.3529008626937866,0.10186594724655151,0.2466365098953247,-0.39284345507621765,0.08981245756149292,0.2521933913230896,-0.3991217613220215,0.08211380243301392,0.24378955364227295,-0.3553401231765747
0.4618608057498932,0.4347166121006012,-0.09036548435688019,-0.02975708246231079,0.07948514819145203,0.11261695250868797,-0.06639039516448975,0.17204836010932922,0.08660269575193524,-0.08416178822517395,0.17972978949546814,0.09918714314699173,-0.0858549177646637,0.18482449650764465,0.05132869631052017,-0.0786014199256897,0.1818450391292572,0.06595629453659058,0.5319916009902954,0.4321404695510864,-0.09036548435688019,0.04854750633239746,0.1099543571472168,-0.3295627683401108,0.08314299583435059,0.21487724781036377,-0.3452891558408737,0.10235214233398438,0.24243086576461792,-0.38320861756801605,0.09018868207931519,0.2474934458732605,-0.3893846124410629,0.08254176378250122,0.23990827798843384,-0.34758321940898895
0.4619114398956299,0.43469956517219543,-0.11248695850372314,-0.029632985591888428,0.07912901043891907,0.11468815663829446,-0.06635823845863342,0.1717810332775116,0.08805549144744873,-0.0841323733329773,0.17959091067314148,0.09396256320178509,-0.08585396409034729,0.1847163736820221,0.04442618787288666,-0.07859784364700317,0.18169626593589783,0.06581921130418777,0.532575249671936,0.4321368932723999,-0.11248695850372314,0.04529339075088501,0.1116492748260498,-0.34521248936653137,0.0747976303100586,0.21538043022155762,-0.3625907301902771,0.0920305848121643,0.2431408166885376,-0.40630269050598145,0.08061546087265015,0.24897891283035278,-0.40946078300476074,0.07382583618164062,0.24097758531570435,-0.3642596900463104
0.4618920683860779,0.4351326823234558,-0.11281099170446396,-0.029630601406097412,0.07833695411682129,0.11452571372501552,-0.066182941198349,0.17104095220565796,0.08745037205517292,-0.08402413129806519,0.17892616987228394,0.08891086839139462,-0.08574414253234863,0.18403255939483643,0.03936302661895752,-0.07843545079231262,0.1809787154197693,0.06544546782970428,0.5325096249580383,0.4309147894382477,-0.11281099170446396,0.04280811548233032,0.11266735196113586,-0.35049671679735184,0.06660306453704834,0.21792176365852356,-0.3706677332520485,0.07911765575408936,0.24595502018928528,-0.4154643788933754,0.06696426868438721,0.25044187903404236,-0.4191887155175209,0.06244570016860962,0.24366113543510437,-0.37254563719034195
0.4621439576148987,0.43547680974006653,-0.10453136265277863,-0.029883861541748047,0.07754239439964294,0.10776041401550174,-0.06627953052520752,0.17061278223991394,0.0692906379699707,-0.08419299125671387,0.17848631739616394,0.07377924956381321,-0.08594107627868652,0.18355104327201843,0.023510277271270752,-0.07858943939208984,0.18049874901771545,0.047059670090675354,0.5320876240730286,0.43039920926094055,-0.10453136265277863,0.040585339069366455,0.1127634346485138,-0.34980614483356476,0.05988955497741699,0.2202342450618744,-0.36824314296245575,0.07106667757034302,0.2470286786556244,-0.4118996113538742,0.05973094701766968,0.2538588345050812,-0.4154886454343796,0.05516064167022705,0.24802735447883606,-0.3697151392698288
0.4622405171394348,0.4356849491596222,-0.1269233524799347,-0.030022859573364258,0.07710936665534973,0.09332834929227829,-0.06630444526672363,0.1704191267490387,0.05313620716333389,-0.08417403697967529,0.1783147156238556,0.0560789480805397,-0.08602738380432129,0.1833859384059906,0.006130725145339966,-0.07865583896636963,0.18030288815498352,0.030979864299297333,0.5320447087287903,0.43171340227127075,-0.1269233524799347,0.040492117404937744,0.11541467905044556,-0.35534754395484924,0.04791146516799927,0.23940318822860718,-0.3584713637828827,0.05485391616821289,0.2642441987991333,-0.4008809030056,0.0469476580619812,0.2676800489425659,-0.4007771909236908,0.0449908971786499,0.25952214002609253,-0.35963332653045654
0.4628862738609314,0.43579667806625366,-0.13426688313484192,-0.03050673007965088,0.07772797346115112,0.1035240888595581,-0.06681054830551147,0.17072761058807373,0.05159001797437668,-0.08448350429534912,0.1784171462059021,0.05324939638376236,-0.08657556772232056,0.18343067169189453,-5.3688883781433105e-05,-0.07926923036575317,0.18036437034606934,0.0278012678027153,0.5322216749191284,0.4316982924938202,-0.13426688313484192,0.017167985439300537,0.12152764201164246,-0.41067495942115784,-0.009515523910522461,0.24006107449531555,-0.42974385619163513,-0.010428428649902344,0.267574280500412,-0.48236510157585144,-0.015664398670196533,0.2691470682621002,-0.47804173827171326,-0.01536107063293457,0.26177820563316345,-0.42901811003685
0.46364593505859375,0.4368247389793396,-0.13044223189353943,-0.030845075845718384,0.07724523544311523,0.11321369558572769,-0.06733688712120056,0.17007148265838623,0.05445868521928787,-0.08463510870933533,0.17752903699874878,0.058603182435035706,-0.08702689409255981,0.18254268169403076,0.006201013922691345,-0.07980313897132874,0.17955714464187622,0.031754836440086365,0.53221195936203,0.4310242533683777,-0.13044223189353943,0.007100999355316162,0.12248355150222778,-0.41063836216926575,-0.026169002056121826,0.2403780221939087,-0.43133339285850525,-0.02976173162460327,0.26753342151641846,-0.4841519296169281,-0.03563493490219116,0.2688952684402466,-0.47904667258262634,-0.03406527638435364,0.26129090785980225,-0.4299052059650421
0.4644335210323334,0.4369639456272125,-0.12248978763818741,-0.03082975745201111,0.07759448885917664,0.11302174814045429,-0.06811407208442688,0.1701466143131256,0.05023106187582016,-0.08524176478385925,0.17770090699195862,0.053411029279232025,-0.08768212795257568,0.1825665533542633,-0.00020413100719451904,-0.08053234219551086,0.1796618402004242,0.026930280029773712,0.5321909785270691,0.42976778745651245,-0.12248978763818741,0.0002155303955078125,0.12390035390853882,-0.4280363544821739,-0.04043272137641907,0.24055397510528564,-0.45598413795232773,-0.04530894756317139,0.26790738105773926,-0.511604867875576,-0.050684720277786255,0.26983505487442017,-0.5050114616751671,-0.048775434494018555,0.2623783349990845,-0.4541592225432396
0.4650760293006897,0.4358835220336914,-0.08801358193159103,-0.031457483768463135,0.08145827054977417,0.09989442676305771,-0.07049217820167542,0.1718929409980774,0.01626954972743988,-0.08686631917953491,0.17957913875579834,0.015101052820682526,-0.08874452114105225,0.18420475721359253,-0.03924108296632767,-0.08165866136550903,0.18164342641830444,-0.008285067975521088,0.5292219519615173,0.4295397102832794,-0.08801358193159103,-0.018385648727416992,0.12535640597343445,-0.4646552875638008,-0.07007959485054016,0.22595694661140442,-0.4991133287549019,-0.08276113867759705,0.25084003806114197,-0.5603897646069527,-0.09002044796943665,0.24691316485404968,-0.5508939698338509,-0.08860445022583008,0.23908379673957825,-0.4965701177716255
0.46555742621421814,0.43526598811149597,-0.07749350368976593,-0.03194919228553772,0.0821475088596344,0.09409264102578163,-0.07177290320396423,0.17271342873573303,0.005096711218357086,-0.08785703778266907,0.18058457970619202,0.0011082738637924194,-0.08948811888694763,0.18512192368507385,-0.05284745991230011,-0.08236435055732727,0.1827928125858307,-0.020046092569828033,0.5279890298843384,0.42954379320144653,-0.07749350368976593,-0.021582841873168945,0.12552309036254883,-0.471280500292778,-0.07569903135299683,0.2202596664428711,-0.5048795789480209,-0.09097054600715637,0.24371099472045898,-0.5662728399038315,-0.09862378239631653,0.23853212594985962,-0.5563524812459946,-0.09701582789421082,0.23058545589447021,-0.5023459047079086
0.46561264991760254,0.4346228837966919,-0.07484264671802521,-0.032083988189697266,0.08273738622665405,0.094628581777215,-0.07220813632011414,0.17349344491958618,0.001139327883720398,-0.08820092678070068,0.18183672428131104,-0.004615791141986847,-0.08968693017959595,0.18608695268630981,-0.058582842350006104,-0.0824916660785675,0.1838090419769287,-0.02440577745437622,0.527299165725708,0.42929181456565857,-0.07484264671802521,-0.020206570625305176,0.12561997771263123,-0.4702250212430954,-0.07543835043907166,0.21259930729866028,-0.5049658268690109,-0.09218311309814453,0.2347283661365509,-0.5661958903074265,-0.10022076964378357,0.2285284698009491,-0.5572138279676437,-0.09888806939125061,0.22111114859580994,-0.5027369111776352
0.4656081795692444,0.43424028158187866,-0.08031927794218063,-0.03232809901237488,0.08307415246963501,0.0938278092071414,-0.07247188687324524,0.1740080714225769,-0.008547686040401459,-0.08884632587432861,0.18269449472427368,-0.015702001750469208,-0.09016349911689758,0.18671590089797974,-0.07030723243951797,-0.08283257484436035,0.1844521164894104,-0.03464147448539734,0.5268051028251648,0.4293002188205719,-0.08031927794218063,-0.02217644453048706,0.12623420357704163,-0.46970290690660477,-0.07880300283432007,0.21096816658973694,-0.5039867833256721,-0.09640362858772278,0.2319302260875702,-0.5662364438176155,-0.10421690344810486,0.2262500822544098,-0.5565416887402534,-0.10251906514167786,0.21891435980796814,-0.5018169358372688
0.46559587121009827,0.4342116713523865,-0.07486747950315475,-0.032346099615097046,0.08310747146606445,0.09420385025441647,-0.0726022720336914,0.1740633249282837,-0.009395867586135864,-0.08886060118675232,0.18296021223068237,-0.013002552092075348,-0.09014913439750671,0.1868996024131775,-0.06692353636026382,-0.08281645178794861,0.1846408247947693,-0.034390561282634735,0.5266784429550171,0.4292886555194855,-0.07486747950315475,-0.02033853530883789,0.12620070576667786,-0.4702390506863594,-0.0755583643913269,0.2095714509487152,-0.5039144828915596,-0.09256002306938171,0.2312779724597931,-0.5651553347706795,-0.10050871968269348,0.225151926279068,-0.556217260658741,-0.09910652041435242,0.21784070134162903,-0.5017761662602425
0.4655991494655609,0.43349841237068176,-0.0785505622625351,-0.03234854340553284,0.08315584063529968,0.09667967446148396,-0.07281699776649475,0.17470446228981018,-0.0052165687084198,-0.08894729614257812,0.1835407316684723,-0.006130196154117584,-0.09017017483711243,0.18759921193122864,-0.05961255729198456,-0.08284813165664673,0.18535271286964417,-0.02976125478744507,0.5265291929244995,0.42925888299942017,-0.0785505622625351,-0.01830834150314331,0.1262129545211792,-0.4686708003282547,-0.07270759344100952,0.21104049682617188,-0.5021903663873672,-0.08860847353935242,0.23339802026748657,-0.5631662160158157,-0.09631296992301941,0.22783952951431274,-0.553856685757637,-0.09449192881584167,0.22060275077819824,-0.49980689585208893
0.46559104323387146,0.43302103877067566,-0.0862012654542923,-0.0317130982875824,0.08383646607398987,0.10225636139512062,-0.07217910885810852,0.17556586861610413,0.03319038450717926,-0.08848264813423157,0.18442049622535706,0.03596770018339157,-0.0897500216960907,0.1884497106075287,-0.01722884178161621,-0.08235350251197815,0.18616792559623718,0.00942230224609375,0.5266687273979187,0.42957061529159546,-0.0862012654542923,-0.006655871868133545,0.12618976831436157,-0.4589839428663254,-0.06682217121124268,0.22285515069961548,-0.4720441550016403,-0.0877840518951416,0.249711275100708,-0.5266508311033249,-0.08584994077682495,0.24757695198059082,-0.5168371051549911,-0.08051499724388123,0.23987460136413574,-0.46862833201885223
0.46550846099853516,0.43361517786979675,-0.102755606174469,-0.03160920739173889,0.0829896628856659,0.1154608204960823,-0.07116389274597168,0.17498710751533508,0.0513298325240612,-0.08757081627845764,0.18382158875465393,0.054105207324028015,-0.0893632173538208,0.18787619471549988,0.00042704492807388306,-0.08208012580871582,0.18556156754493713,0.027370020747184753,0.5267073512077332,0.4295506477355957,-0.102755606174469,0.0012778639793395996,0.1266738772392273,-0.4401322603225708,-0.045645952224731445,0.23255091905593872,-0.4549640417098999,-0.05283546447753906,0.26237785816192627,-0.5081486701965332,-0.05541825294494629,0.2607617974281311,-0.5004236698150635,-0.05248501896858215,0.2529361844062805,-0.45212143659591675
0.4654311537742615,0.43373268842697144,-0.10994752496480942,-0.031602323055267334,0.08240079879760742,0.11950117256492376,-0.07013347744941711,0.17481094598770142,0.05982653796672821,-0.08689016103744507,0.18343132734298706,0.0630301684141159,-0.08902591466903687,0.1876124143600464,0.009603597223758698,-0.08172941207885742,0.18509000539779663,0.03604346513748169,0.527087390422821,0.42981770634651184,-0.10994752496480942,0.008684098720550537,0.12641194462776184,-0.4327831044793129,-0.025894463062286377,0.2329966127872467,-0.44533882290124893,-0.029186993837356567,0.26536598801612854,-0.4970076456665993,-0.034630388021469116,0.2656368911266327,-0.4910759702324867,-0.033052146434783936,0.25741222500801086,-0.4430406466126442
0.46459418535232544,0.43416842818260193,-0.14100322127342224,-0.03139311075210571,0.08189341425895691,0.10624177008867264,-0.06904685497283936,0.1742837131023407,0.05105668306350708,-0.08602210879325867,0.1825532615184784,0.051694609224796295,-0.08818846940994263,0.18687179684638977,-0.001999467611312866,-0.08090066909790039,0.18420222401618958,0.027094952762126923,0.5276545286178589,0.43097448348999023,-0.14100322127342224,0.01448369026184082,0.12741613388061523,-0.4053800404071808,-0.010662078857421875,0.2371925711631775,-0.42104414105415344,-0.01079946756362915,0.26765120029449463,-0.47116950154304504,-0.01719886064529419,0.2682849168777466,-0.4692712128162384,-0.0177726149559021,0.25947755575180054,-0.4208522140979767
0.46387147903442383,0.43418267369270325,-0.14968779683113098,-0.031591594219207764,0.08178308606147766,0.09683985635638237,-0.06818300485610962,0.17422077059745789,0.0507366880774498,-0.08529946208000183,0.18236789107322693,0.05354921519756317,-0.08752065896987915,0.1868145763874054,0.001116439700126648,-0.08020129799842834,0.1840238869190216,0.027507774531841278,0.5279293656349182,0.4318777620792389,-0.14968779683113098,0.018784701824188232,0.13020798563957214,-0.395378440618515,0.002622544765472412,0.24716153740882874,-0.4114512503147125,0.004595279693603516,0.2783356010913849,-0.4607810080051422,-0.00346219539642334,0.2796773612499237,-0.45901837944984436,-0.00434798002243042,0.2720141112804413,-0.41191205382347107
0.46367591619491577,0.4341447651386261,-0.1474662870168686,-0.031695395708084106,0.08064857125282288,0.08926292881369591,-0.06791377067565918,0.17384961247444153,0.0472046360373497,-0.08511283993721008,0.18199476599693298,0.05049671232700348,-0.08743017911911011,0.18672898411750793,-6.379187107086182e-05,-0.08004236221313477,0.1837652623653412,0.024684973061084747,0.5275099277496338,0.43515411019325256,-0.1474662870168686,0.024378657341003418,0.12776270508766174,-0.3920164853334427,0.015366613864898682,0.2457430064678192,-0.40116824209690094,0.019846081733703613,0.274196594953537,-0.44762052595615387,0.010405004024505615,0.27511367201805115,-0.4460454136133194,0.008209824562072754,0.2668798863887787,-0.40221984684467316
0.4634707570075989,0.4345787465572357,-0.14806371927261353,-0.03159642219543457,0.07961991429328918,0.08706146478652954,-0.06760957837104797,0.17318639159202576,0.047065362334251404,-0.0849103331565857,0.18120744824409485,0.05020771920681,-0.087241530418396,0.18615511059761047,0.0005613714456558228,-0.0798649787902832,0.18321743607521057,0.024837829172611237,0.5276802778244019,0.43753644824028015,-0.14806371927261353,0.02986931800842285,0.1253335177898407,-0.37886255979537964,0.029045581817626953,0.24642804265022278,-0.3854944109916687,0.033863365650177,0.27276429533958435,-0.4310644865036011,0.024174928665161133,0.274357408285141,-0.4313107132911682,0.022227942943572998,0.2650775611400604,-0.3873489499092102
0.46296000480651855,0.43456995487213135,-0.13363541662693024,-0.030954360961914062,0.07930159568786621,0.11189870163798332,-0.0669507384300232,0.17247718572616577,0.08577953651547432,-0.08436566591262817,0.18043994903564453,0.09557648748159409,-0.08666607737541199,0.18558812141418457,0.045814089477062225,-0.07929626107215881,0.18261033296585083,0.06429295986890793,0.5290559530258179,0.43734294176101685,-0.13363541662693024,0.04818242788314819,0.11637985706329346,-0.3357572704553604,0.07498514652252197,0.22739249467849731,-0.35263557732105255,0.0919656753540039,0.2542486786842346,-0.3950760215520859,0.07929551601409912,0.2593762278556824,-0.40172307193279266,0.07286524772644043,0.25106239318847656,-0.35560302436351776
