0,1,2,3,4,5,6,7,8,9,10,11,12,13,14,15,16,17,18,19,20,21,22,23,24,25,26,27,28,29,30,31,32,33,34,35
0.469371497631073,0.3570386469364166,0.06816715002059937,-0.06678494811058044,0.054470330476760864,-0.0866782907396555,-0.028405994176864624,-0.035366058349609375,-0.33726704120635986,-0.019445031881332397,-0.04947984218597412,-0.37989750504493713,-0.012753903865814209,-0.047750651836395264,-0.3665182292461395,-0.01229870319366455,-0.04227164387702942,-0.34100160002708435,0.5771865248680115,0.36707451939582825,0.06816715002059937,0.010583341121673584,0.14103570580482483,-0.20003889501094818,0.01699310541152954,0.2641476094722748,-0.21276231110095978,0.02168130874633789,0.3006666600704193,-0.2247287929058075,0.012225806713104248,0.2975488603115082,-0.2629435956478119,0.0063849687576293945,0.286874383687973,-0.22291308641433716
0.4692579209804535,0.36153408885002136,0.06816323101520538,-0.06611374020576477,0.05909228324890137,-0.10137208551168442,-0.03071826696395874,-0.03163701295852661,-0.3488130420446396,-0.023531436920166016,-0.046967923641204834,-0.3912258595228195,-0.016550302505493164,-0.04559245705604553,-0.377729669213295,-0.01572960615158081,-0.03997281193733215,-0.35255415737628937,0.5757787227630615,0.3655286431312561,0.06816323101520538,0.011964380741119385,0.14342999458312988,-0.20337006449699402,0.021815001964569092,0.2662917375564575,-0.21408888697624207,0.027169466018676758,0.30213868618011475,-0.22472381591796875,0.017823398113250732,0.2999029755592346,-0.26095151901245117,0.01153331995010376,0.28954464197158813,-0.2231823354959488
0.4691658914089203,0.3615557551383972,0.07237394154071808,-0.06656831502914429,0.0518433153629303,-0.09476004727184772,-0.031394392251968384,-0.03470894694328308,-0.3267708867788315,-0.0226251482963562,-0.049413055181503296,-0.3670894354581833,-0.016123056411743164,-0.04802823066711426,-0.3505227714776993,-0.015941470861434937,-0.042472660541534424,-0.3293502479791641,0.5751651525497437,0.3645271360874176,0.07237394154071808,0.012598514556884766,0.14491739869117737,-0.213063046336174,0.02557241916656494,0.2680218517780304,-0.2228269726037979,0.030568063259124756,0.30317118763923645,-0.23243749141693115,0.021665334701538086,0.3014303147792816,-0.26707127690315247,0.015372931957244873,0.2913982570171356,-0.23144598305225372
0.464817613363266,0.35784000158309937,0.06266870349645615,-0.07403731346130371,-0.006559997797012329,-0.07539071328938007,-0.013732194900512695,-0.05769944190979004,-0.1705614998936653,0.0015019476413726807,-0.06498852372169495,-0.20358992367982864,0.008069336414337158,-0.06078219413757324,-0.18360678106546402,0.005420655012130737,-0.05626940727233887,-0.17189248651266098,0.5750120878219604,0.36454668641090393,0.06266870349645615,0.013303518295288086,0.14500358700752258,-0.2015196457505226,0.02836132049560547,0.2678753435611725,-0.21254054456949234,0.034219324588775635,0.3029519021511078,-0.22710087150335312,0.026103854179382324,0.30132219195365906,-0.2644861415028572,0.01946389675140381,0.29124340415000916,-0.2233622446656227
0.462336003780365,0.35240986943244934,0.04944106191396713,-0.07582700252532959,-0.01987236738204956,-0.028062010183930397,-0.00661042332649231,-0.06141078472137451,-0.08628493547439575,0.010909438133239746,-0.06755930185317993,-0.1153661459684372,0.01684209704399109,-0.06304877996444702,-0.10216271132230759,0.012823641300201416,-0.05853566527366638,-0.08928678929805756,0.5747113227844238,0.3644231855869293,0.04944106191396713,0.014459609985351562,0.14509907364845276,-0.1894267573952675,0.029629826545715332,0.26789936423301697,-0.200155608355999,0.035369157791137695,0.3027542531490326,-0.2169530764222145,0.027180016040802002,0.3014201819896698,-0.25653307884931564,0.02066904306411743,0.2912529408931732,-0.2123285010457039
0.4613437056541443,0.34971287846565247,0.04078560322523117,-0.07605129480361938,-0.022291570901870728,-0.00374428927898407,-0.004703164100646973,-0.06129884719848633,-0.05149204283952713,0.014226168394088745,-0.06820109486579895,-0.07930073514580727,0.019866764545440674,-0.063649982213974,-0.06781573779881,0.015313982963562012,-0.05876636505126953,-0.0548319686204195,0.5745630860328674,0.364450603723526,0.04078560322523117,0.015187501907348633,0.1448785364627838,-0.1849527284502983,0.030491411685943604,0.2671598494052887,-0.19595030695199966,0.03627055883407593,0.30085477232933044,-0.2148464247584343,0.02807331085205078,0.30015257000923157,-0.2547491565346718,0.021600544452667236,0.2904910743236542,-0.20872264355421066
0.4612332880496979,0.3482259213924408,0.042245153337717056,-0.075937420129776,-0.024014830589294434,0.02011892944574356,-0.002812117338180542,-0.061219215393066406,-0.00810210406780243,0.015757262706756592,-0.06824034452438354,-0.03331317100673914,0.021099835634231567,-0.06353306770324707,-0.023204006254673004,0.0166013240814209,-0.05863314867019653,-0.011611450463533401,0.5746270418167114,0.36439988017082214,0.042245153337717056,0.01549839973449707,0.1445159614086151,-0.1842953898012638,0.030558288097381592,0.2651371657848358,-0.19591470435261726,0.03655052185058594,0.29765263199806213,-0.21475810185074806,0.02810424566268921,0.29719796776771545,-0.25435665622353554,0.021564960479736328,0.2882165014743805,-0.20868078246712685
0.461125910282135,0.3481343984603882,0.05454668402671814,-0.07363232970237732,-0.014121800661087036,0.09058508276939392,-0.0065618157386779785,-0.059113532304763794,0.11655844748020172,0.011472105979919434,-0.06814008951187134,0.10238011181354523,0.01987197995185852,-0.06415072083473206,0.10600335896015167,0.016193091869354248,-0.058929115533828735,0.11339665949344635,0.5746688842773438,0.3638631999492645,0.05454668402671814,0.015512585639953613,0.1436372697353363,-0.19390498101711273,0.029584884643554688,0.26274964213371277,-0.20972441136837006,0.03509557247161865,0.2942385971546173,-0.22688733041286469,0.02687704563140869,0.29326602816581726,-0.2691100239753723,0.020777404308319092,0.2848070561885834,-0.22350585460662842
0.4612330496311188,0.3473603129386902,0.06309958547353745,-0.06707969307899475,-0.011008769273757935,0.07652250677347183,-0.01596999168395996,-0.05781298875808716,0.06897217780351639,0.0010687410831451416,-0.06610289216041565,0.05321478843688965,0.009891510009765625,-0.062252044677734375,0.057507649064064026,0.008070319890975952,-0.05706679821014404,0.06613115221261978,0.5747067332267761,0.3637392222881317,0.06309958547353745,0.01545637845993042,0.14168348908424377,-0.1875881776213646,0.02894437313079834,0.2598109543323517,-0.20404963940382004,0.034160494804382324,0.2914411127567291,-0.21610873192548752,0.025919973850250244,0.2901529371738434,-0.26002510637044907,0.02003234624862671,0.2819553315639496,-0.21792424470186234
0.46199193596839905,0.3474010229110718,0.06919346749782562,-0.061484307050704956,0.011375069618225098,0.06340771913528442,-0.024804741144180298,-0.051622241735458374,-0.09149780310690403,-0.009090811014175415,-0.06339892745018005,-0.11834657564759254,-0.0011852383613586426,-0.06101122498512268,-0.10815905034542084,-0.0017330348491668701,-0.05571278929710388,-0.09411817602813244,0.5747399926185608,0.3635246455669403,0.06919346749782562,0.015256226062774658,0.13668528199195862,-0.19194528460502625,0.028619766235351562,0.2536008059978485,-0.20839421451091766,0.0335536003112793,0.2863127887248993,-0.218855619430542,0.02529829740524292,0.2845210134983063,-0.26042844355106354,0.019513189792633057,0.27555927634239197,-0.22098496556282043
0.46555328369140625,0.34894755482673645,0.08671067655086517,-0.05972331762313843,0.05189019441604614,-0.08649911484098993,-0.03441324830055237,-0.03229564428329468,-0.3527032881975174,-0.022611230611801147,-0.048005521297454834,-0.3984871357679367,-0.015507638454437256,-0.04934230446815491,-0.3893342465162277,-0.01494455337524414,-0.044262081384658813,-0.35830335319042206,0.575156569480896,0.36254677176475525,0.08671067655086517,0.014697790145874023,0.13312220573425293,-0.1970752701163292,0.027066528797149658,0.2474241554737091,-0.22097435593605042,0.03262221813201904,0.27998241782188416,-0.23246927559375763,0.024811089038848877,0.27780696749687195,-0.2694523483514786,0.018785715103149414,0.26780298352241516,-0.23125684261322021
0.46924394369125366,0.3530017137527466,0.09562064707279205,-0.061145663261413574,0.06058013439178467,-0.095670820439409,-0.03814876079559326,-0.02667328715324402,-0.36138375103473663,-0.029056251049041748,-0.04253461956977844,-0.40718553960323334,-0.02270740270614624,-0.04481840133666992,-0.39933620393276215,-0.02181410789489746,-0.03964656591415405,-0.36765868961811066,0.5754215717315674,0.36243584752082825,0.09562064707279205,0.014170527458190918,0.13175326585769653,-0.20614705234766006,0.02538973093032837,0.24452629685401917,-0.24790947139263153,0.031665146350860596,0.2772107422351837,-0.2630663365125656,0.023938298225402832,0.2750284969806671,-0.29713262617588043,0.01756960153579712,0.2646372616291046,-0.25713497400283813
0.4692411422729492,0.35536810755729675,0.0892997533082962,-0.06140962243080139,0.06647893786430359,-0.10107263643294573,-0.03908485174179077,-0.02071031928062439,-0.3753720670938492,-0.03298419713973999,-0.03870663046836853,-0.4233006089925766,-0.026612430810928345,-0.040857911109924316,-0.4185125380754471,-0.024880170822143555,-0.034999966621398926,-0.3830531984567642,0.5756216645240784,0.3623057007789612,0.0892997533082962,0.013461470603942871,0.13096001744270325,-0.20261384546756744,0.02421945333480835,0.24347978830337524,-0.24730360507965088,0.0308915376663208,0.27603602409362793,-0.26396599411964417,0.023558378219604492,0.27405816316604614,-0.2997000217437744,0.016918718814849854,0.26374703645706177,-0.2576815038919449
0.4691532552242279,0.3563094735145569,0.06915712356567383,-0.06590571999549866,0.05421897768974304,-0.12065860629081726,-0.03960469365119934,-0.027053117752075195,-0.373684287071228,-0.029447227716445923,-0.043127745389938354,-0.41967859864234924,-0.022991210222244263,-0.044482141733169556,-0.4058744013309479,-0.022455483675003052,-0.03882405161857605,-0.3774292469024658,0.5760336518287659,0.36247336864471436,0.06915712356567383,0.013042330741882324,0.13493305444717407,-0.17160849273204803,0.023638904094696045,0.24717944860458374,-0.19921165704727173,0.030438601970672607,0.27787500619888306,-0.21122683584690094,0.022880375385284424,0.2760833501815796,-0.24588800966739655,0.016372740268707275,0.26767057180404663,-0.20901131629943848
0.46894460916519165,0.35669299960136414,0.06860458105802536,-0.07214111089706421,0.047453224658966064,-0.08745715394616127,-0.03834950923919678,-0.03007712960243225,-0.2971089109778404,-0.029068052768707275,-0.046480387449264526,-0.3367418572306633,-0.02242332696914673,-0.04592671990394592,-0.32145964354276657,-0.021438956260681152,-0.03997999429702759,-0.29971467703580856,0.5763396620750427,0.3628101050853729,0.06860458105802536,0.012812793254852295,0.13932862877845764,-0.1739594116806984,0.023298025131225586,0.25167742371559143,-0.20050229877233505,0.02993553876876831,0.28184953331947327,-0.21204138547182083,0.022393643856048584,0.28014400601387024,-0.24742742627859116,0.01595759391784668,0.27261194586753845,-0.2105112299323082
0.4676128029823303,0.35320889949798584,0.05971779301762581,-0.08046510815620422,0.010803252458572388,-0.021653499454259872,-0.029344558715820312,-0.049352169036865234,-0.11327188834547997,-0.014558672904968262,-0.059492915868759155,-0.1417667604982853,-0.006089836359024048,-0.055293917655944824,-0.13140978291630745,-0.0074616968631744385,-0.049710601568222046,-0.1163727305829525,0.576324999332428,0.3633441627025604,0.05971779301762581,0.012831151485443115,0.14156129956245422,-0.18099165335297585,0.02329176664352417,0.2547588050365448,-0.20427021756768227,0.030158817768096924,0.285396009683609,-0.21988197043538094,0.022309601306915283,0.2841443121433258,-0.2614921070635319,0.01588541269302368,0.2764253318309784,-0.21739547327160835
0.4651187062263489,0.348337858915329,0.04219286888837814,-0.08146247267723083,-0.007575660943984985,0.005529362708330154,-0.018050402402877808,-0.05692988634109497,-0.060403646901249886,-0.0015352964401245117,-0.0647135078907013,-0.08786981925368309,0.006772875785827637,-0.06003141403198242,-0.08132467046380043,0.003999471664428711,-0.05487224459648132,-0.06522373482584953,0.5764180421829224,0.3638315498828888,0.04219286888837814,0.01288294792175293,0.14227083325386047,-0.16725178807973862,0.023346424102783203,0.2560440003871918,-0.18781127780675888,0.030177652835845947,0.287080317735672,-0.20545492321252823,0.022337257862091064,0.28611359000205994,-0.24780378490686417,0.015927553176879883,0.27817174792289734,-0.20142432302236557
0.4639907777309418,0.3454044461250305,0.042909711599349976,-0.08067059516906738,-0.011223524808883667,0.026846475899219513,-0.013224989175796509,-0.05784866213798523,-0.01369708776473999,0.0031372010707855225,-0.06456071138381958,-0.038025679998099804,0.010709971189498901,-0.059934645891189575,-0.03168985992670059,0.007738739252090454,-0.055103033781051636,-0.018119076266884804,0.5765678882598877,0.36469849944114685,0.042909711599349976,0.012792646884918213,0.14227840304374695,-0.16885817050933838,0.023169636726379395,0.2564752399921417,-0.18769590556621552,0.02995377779006958,0.2881815731525421,-0.20580045878887177,0.022030532360076904,0.2873466908931732,-0.24716496467590332,0.015691161155700684,0.27920249104499817,-0.20182253420352936
0.46356090903282166,0.3449636399745941,0.043822623789310455,-0.07901856303215027,-0.009791672229766846,0.10495983809232712,-0.013362020254135132,-0.05930298566818237,0.1370987370610237,0.002321571111679077,-0.06613901257514954,0.12021734565496445,0.010220050811767578,-0.061499059200286865,0.12211485952138901,0.007623106241226196,-0.05681517720222473,0.1322169229388237,0.5767447352409363,0.3652378022670746,0.043822623789310455,0.012584865093231201,0.1422921121120453,-0.17207596451044083,0.02272850275039673,0.25637319684028625,-0.18989869207143784,0.029394090175628662,0.2883276045322418,-0.2092110589146614,0.02161186933517456,0.287546843290329,-0.2530815675854683,0.015411436557769775,0.27929553389549255,-0.20480049401521683
0.46332821249961853,0.3451083302497864,0.04837467521429062,-0.07855576276779175,-0.006859719753265381,0.1017838642001152,-0.014133602380752563,-0.05895888805389404,0.1237158253788948,0.0013768374919891357,-0.06752952933311462,0.10716868191957474,0.009248793125152588,-0.06316643953323364,0.10859192162752151,0.007049530744552612,-0.05808830261230469,0.11897873133420944,0.5769186615943909,0.36603182554244995,0.04837467521429062,0.01239001750946045,0.14137154817581177,-0.17261318117380142,0.022150695323944092,0.2555575370788574,-0.19297171384096146,0.028992652893066406,0.28755223751068115,-0.21242623776197433,0.021402835845947266,0.28676462173461914,-0.256240077316761,0.015200674533843994,0.27846759557724,-0.20876743644475937
0.4636346399784088,0.3451990485191345,0.05268018692731857,-0.0727616548538208,-0.0028352439403533936,0.07914549857378006,-0.016332685947418213,-0.05705764889717102,0.05964800715446472,-0.0002879798412322998,-0.06642395257949829,0.04128868877887726,0.007893174886703491,-0.062437504529953,0.042945779860019684,0.0061185359954833984,-0.05726194381713867,0.05526795983314514,0.5769730806350708,0.3667176067829132,0.05268018692731857,0.012282907962799072,0.14042863249778748,-0.16504835337400436,0.021227002143859863,0.25416669249534607,-0.18599588423967361,0.02793937921524048,0.2865159213542938,-0.20031967014074326,0.021171092987060547,0.2855624854564667,-0.24454721063375473,0.015089094638824463,0.27697381377220154,-0.20096122473478317
0.4682268500328064,0.3485550880432129,0.09971212595701218,-0.05644631385803223,0.05494341254234314,-0.08292895555496216,-0.029116153717041016,-0.028001725673675537,-0.3503379449248314,-0.020040929317474365,-0.04438751935958862,-0.3960142955183983,-0.013292580842971802,-0.04454296827316284,-0.38963984698057175,-0.012532562017440796,-0.03903067111968994,-0.35720866173505783,0.577020525932312,0.3664998710155487,0.09971212595701218,0.011296272277832031,0.13463082909584045,-0.20317571610212326,0.018744468688964844,0.25029268860816956,-0.2308821901679039,0.02524542808532715,0.2828463017940521,-0.24480438977479935,0.01774907112121582,0.28155598044395447,-0.282562755048275,0.011793434619903564,0.27289363741874695,-0.24217433482408524
0.4701177179813385,0.35048967599868774,0.10402349382638931,-0.05241990089416504,0.062482595443725586,-0.10158086917363107,-0.03469249606132507,-0.02134731411933899,-0.37788233906030655,-0.028235048055648804,-0.03881976008415222,-0.42418966442346573,-0.0220947265625,-0.03973165154457092,-0.419025756418705,-0.02082282304763794,-0.0337967574596405,-0.3856773152947426,0.577231764793396,0.36634361743927,0.10402349382638931,0.010603368282318115,0.1325618326663971,-0.21065322309732437,0.0175626277923584,0.24812155961990356,-0.23592186719179153,0.02386373281478882,0.2812948226928711,-0.2502070739865303,0.016007721424102783,0.27977651357650757,-0.2897093966603279,0.010049700736999512,0.27089977264404297,-0.24792396277189255
0.4706558287143707,0.35482072830200195,0.10604725778102875,-0.050673067569732666,0.06833872199058533,-0.10506977082695812,-0.037546783685684204,-0.016543686389923096,-0.38483579456806183,-0.032541364431381226,-0.035170406103134155,-0.4319382458925247,-0.026958048343658447,-0.037378787994384766,-0.42819951474666595,-0.02521035075187683,-0.03154435753822327,-0.39335398375988007,0.577398955821991,0.36573466658592224,0.10604725778102875,0.009933054447174072,0.13060951232910156,-0.2136116921901703,0.01709669828414917,0.24548211693763733,-0.2419174760580063,0.02288520336151123,0.27936509251594543,-0.25692521035671234,0.015018761157989502,0.27749577164649963,-0.29202353954315186,0.00929182767868042,0.26798245310783386,-0.25173479318618774
0.47070541977882385,0.3566332459449768,0.10992413759231567,-0.054500430822372437,0.07140812277793884,-0.10548217687755823,-0.03929886221885681,-0.014891654253005981,-0.38197168707847595,-0.03490939736366272,-0.03427082300186157,-0.42955613136291504,-0.02878051996231079,-0.036158353090286255,-0.42550602555274963,-0.026866018772125244,-0.030109494924545288,-0.3901296854019165,0.5776306390762329,0.3649432361125946,0.10992413759231567,0.009389698505401611,0.12945568561553955,-0.21075277030467987,0.016725599765777588,0.2441941201686859,-0.24537159502506256,0.022499263286590576,0.27836892008781433,-0.26079510152339935,0.01466822624206543,0.27660009264945984,-0.295891597867012,0.008987963199615479,0.26685550808906555,-0.2552763968706131
0.470639705657959,0.3577524423599243,0.10217349231243134,-0.05859476327896118,0.07026150822639465,-0.10619088495150208,-0.03960776329040527,-0.018341928720474243,-0.37287960946559906,-0.03287690877914429,-0.03752186894416809,-0.4188283532857895,-0.026902735233306885,-0.03872796893119812,-0.41220323741436005,-0.025725126266479492,-0.03242775797843933,-0.379366859793663,0.5779785513877869,0.364281564950943,0.10217349231243134,0.009185314178466797,0.13011276721954346,-0.19813093543052673,0.016411900520324707,0.2440612018108368,-0.23568418622016907,0.022190093994140625,0.27826258540153503,-0.2508523613214493,0.01441657543182373,0.27648279070854187,-0.28631703555583954,0.008740484714508057,0.2668564021587372,-0.2458525449037552
0.47056084871292114,0.3580571711063385,0.07843141257762909,-0.06821870803833008,0.054383695125579834,-0.06820055842399597,-0.03947517275810242,-0.03428226709365845,-0.32503049075603485,-0.02330923080444336,-0.05137556791305542,-0.3856003135442734,-0.01705348491668701,-0.05014228820800781,-0.331860288977623,-0.018918246030807495,-0.04424211382865906,-0.3448248654603958,0.5783563852310181,0.36368945240974426,0.07843141257762909,0.010370969772338867,0.13270074129104614,-0.17257948964834213,0.021359741687774658,0.24837204813957214,-0.2042895406484604,0.02905893325805664,0.2813722789287567,-0.21674194931983948,0.020992040634155273,0.27969011664390564,-0.2553607374429703,0.013737082481384277,0.27110573649406433,-0.21600082516670227
0.4704410433769226,0.35785552859306335,0.06753938645124435,-0.07317772507667542,0.03447863459587097,-0.023316215723752975,-0.03498709201812744,-0.04685616493225098,-0.14471889287233353,-0.014348119497299194,-0.06172943115234375,-0.1736936867237091,-0.00810655951499939,-0.05906325578689575,-0.1621777042746544,-0.011953860521316528,-0.053391218185424805,-0.14892520010471344,0.5785434246063232,0.363481730222702,0.06753938645124435,0.01107633113861084,0.13504043221473694,-0.1642153561115265,0.02491605281829834,0.2502831518650055,-0.1901986077427864,0.033121466636657715,0.283231645822525,-0.20163699239492416,0.026100218296051025,0.2818705141544342,-0.24203234165906906,0.018757164478302002,0.27353671193122864,-0.20276357978582382
0.4703229069709778,0.354194313287735,0.05121023207902908,-0.07469937205314636,0.017770588397979736,0.00302790105342865,-0.02760922908782959,-0.05381372570991516,-0.08285652473568916,-0.006908148527145386,-0.06692531704902649,-0.10776008665561676,-0.0005397796630859375,-0.06385287642478943,-0.104209303855896,-0.005056142807006836,-0.057963818311691284,-0.08745481073856354,0.5785359144210815,0.363156795501709,0.05121023207902908,0.012229502201080322,0.13593152165412903,-0.14908971637487411,0.028318703174591064,0.2514714002609253,-0.17450428754091263,0.035320281982421875,0.28507429361343384,-0.187022365629673,0.028629422187805176,0.28403210639953613,-0.22785941511392593,0.021988630294799805,0.2756950855255127,-0.18745168298482895
0.4679093360900879,0.3522779047489166,0.05368397384881973,-0.07259845733642578,0.0007980465888977051,0.04890380799770355,-0.017904043197631836,-0.05896618962287903,0.021518342196941376,0.0024600625038146973,-0.07144021987915039,0.0003889352083206177,0.009274542331695557,-0.06795123219490051,0.0023954659700393677,0.0040718019008636475,-0.061911046504974365,0.016810335218906403,0.5778205394744873,0.3630482852458954,0.05368397384881973,0.013661742210388184,0.13599926233291626,-0.1521146297454834,0.03193783760070801,0.25154921412467957,-0.1744578704237938,0.03784382343292236,0.2854272425174713,-0.1882196143269539,0.03141111135482788,0.28425726294517517,-0.23085054010152817,0.025579333305358887,0.2757885158061981,-0.18849777430295944
0.46594253182411194,0.3521418869495392,0.052179425954818726,-0.07019051909446716,-0.0013024508953094482,0.05750514566898346,-0.014655441045761108,-0.06087532639503479,0.03341557830572128,0.005426645278930664,-0.0745948851108551,0.013239428400993347,0.01261785626411438,-0.07107821106910706,0.0143728107213974,0.006977498531341553,-0.06460916996002197,0.02873086929321289,0.5772510766983032,0.36283883452415466,0.052179425954818726,0.014331042766571045,0.13596317172050476,-0.14330288767814636,0.03330200910568237,0.2508908212184906,-0.16563593596220016,0.0390162467956543,0.2853090465068817,-0.17914272844791412,0.032821834087371826,0.2840736210346222,-0.22317329049110413,0.02721261978149414,0.2750175893306732,-0.18033486604690552
0.4653617739677429,0.3521466851234436,0.04889823496341705,-0.061787158250808716,0.004278600215911865,0.07674579322338104,-0.015215098857879639,-0.05815812945365906,0.0620899498462677,0.004612267017364502,-0.07461881637573242,0.043831966817379,0.010865449905395508,-0.07119408249855042,0.041178978979587555,0.005985081195831299,-0.06412315368652344,0.05657152831554413,0.5766448974609375,0.3627558648586273,0.04889823496341705,0.0148964524269104,0.13605976104736328,-0.14166395366191864,0.03298729658126831,0.25003889203071594,-0.1656489148736,0.03898662328720093,0.2838660776615143,-0.1785043627023697,0.032718539237976074,0.2828384339809418,-0.22591626644134521,0.02700197696685791,0.2735934555530548,-0.18217003345489502
0.46538740396499634,0.3520979583263397,0.048146046698093414,-0.05377602577209473,0.007944256067276001,0.07900267094373703,-0.015949010848999023,-0.05689150094985962,0.05586162954568863,0.0027952492237091064,-0.07249417901039124,0.03877007216215134,0.009139001369476318,-0.06943777203559875,0.034390293061733246,0.0047830939292907715,-0.06255525350570679,0.04985453188419342,0.576349675655365,0.3626752197742462,0.048146046698093414,0.015048682689666748,0.13617289066314697,-0.14365220069885254,0.03321903944015503,0.24943670630455017,-0.17416191846132278,0.038859665393829346,0.2829720675945282,-0.18647386878728867,0.0323222279548645,0.2819475829601288,-0.2335038259625435,0.02654975652694702,0.27258893847465515,-0.19026682525873184
0.46473342180252075,0.35210397839546204,0.04473952576518059,-0.044324636459350586,0.017170429229736328,0.12938397005200386,-0.019839882850646973,-0.04249647259712219,0.15291650965809822,-0.006492048501968384,-0.06103450059890747,0.14435838535428047,-0.002410411834716797,-0.059055328369140625,0.13355650380253792,-0.004705309867858887,-0.053025662899017334,0.14583026245236397,0.5759738683700562,0.36235925555229187,0.04473952576518059,0.014985620975494385,0.13531330227851868,-0.12831201776862144,0.0321345329284668,0.24761173129081726,-0.14567001536488533,0.03830307722091675,0.2813398540019989,-0.1534269116818905,0.032172203063964844,0.2799411118030548,-0.2004661075770855,0.026428580284118652,0.2700832188129425,-0.1606273092329502
0.46480312943458557,0.35225385427474976,0.07790561020374298,-0.040948688983917236,0.05458420515060425,-0.049397265538573265,-0.023831814527511597,-0.02657124400138855,-0.31511421501636505,-0.014629572629928589,-0.04836302995681763,-0.3584855943918228,-0.01059672236442566,-0.05007025599479675,-0.3565831631422043,-0.010879278182983398,-0.043839335441589355,-0.3239084929227829,0.5758721232414246,0.3620108366012573,0.07790561020374298,0.014772534370422363,0.13519525527954102,-0.16770288348197937,0.030370652675628662,0.24797910451889038,-0.18682774901390076,0.035502731800079346,0.2814697027206421,-0.193231500685215,0.02985018491744995,0.27996325492858887,-0.23636490106582642,0.024454474449157715,0.270286500453949,-0.19595107436180115
0.4650283753871918,0.3536934554576874,0.0848240777850151,-0.037293463945388794,0.06842777132987976,-0.07395500410348177,-0.026132673025131226,-0.017594099044799805,-0.3647206053137779,-0.018870294094085693,-0.039875686168670654,-0.4109245464205742,-0.014584451913833618,-0.043733566999435425,-0.4125994071364403,-0.014159232378005981,-0.03744778037071228,-0.3754260167479515,0.5757391452789307,0.3618676960468292,0.0848240777850151,0.014084458351135254,0.1343209445476532,-0.19218000769615173,0.027618110179901123,0.2475578486919403,-0.22152381390333176,0.03255540132522583,0.2806006968021393,-0.23381049185991287,0.026382267475128174,0.2789595425128937,-0.2718190774321556,0.02083873748779297,0.26930156350135803,-0.23071112483739853
0.46489644050598145,0.35372474789619446,0.08255120366811752,-0.036487728357315063,0.0764305591583252,-0.092702966183424,-0.026928186416625977,-0.00736081600189209,-0.3945305868983269,-0.020732462406158447,-0.030774086713790894,-0.44411125034093857,-0.016733646392822266,-0.03544282913208008,-0.4479376897215843,-0.015842676162719727,-0.02910679578781128,-0.40620311349630356,0.5756920576095581,0.36141759157180786,0.08255120366811752,0.01345062255859375,0.13356360793113708,-0.18767068535089493,0.025265216827392578,0.2464466094970703,-0.2209838107228279,0.030354201793670654,0.2792922854423523,-0.23634109646081924,0.023697197437286377,0.277706503868103,-0.27437130361795425,0.018020987510681152,0.2680405378341675,-0.23132186383008957
0.46487903594970703,0.35394832491874695,0.08145961165428162,-0.0375095009803772,0.08098536729812622,-0.09909464418888092,-0.02675420045852661,-0.006193667650222778,-0.39860305190086365,-0.02009028196334839,-0.030275732278823853,-0.4478168785572052,-0.016217559576034546,-0.03342175483703613,-0.4507988691329956,-0.015614569187164307,-0.026791781187057495,-0.4097437560558319,0.5756954550743103,0.3609360158443451,0.08145961165428162,0.013084352016448975,0.1330161988735199,-0.17987702786922455,0.023701369762420654,0.24543556571006775,-0.21789824962615967,0.028956353664398193,0.278544157743454,-0.23274889588356018,0.022017955780029297,0.2769486606121063,-0.2715775966644287,0.016208529472351074,0.2670862376689911,-0.22902895510196686
0.4648897051811218,0.35806605219841003,0.07950988411903381,-0.055588096380233765,0.0712590217590332,-0.10734908282756805,-0.028458207845687866,-0.01616978645324707,-0.3702634274959564,-0.019702792167663574,-0.038479775190353394,-0.41576048731803894,-0.01515159010887146,-0.04077485203742981,-0.4074006974697113,-0.01507878303527832,-0.03426718711853027,-0.37561747431755066,0.5757907032966614,0.3606316149234772,0.07950988411903381,0.01308208703994751,0.13454660773277283,-0.15502895414829254,0.02336299419403076,0.2510863244533539,-0.18214787542819977,0.027702033519744873,0.28354373574256897,-0.1942373365163803,0.01997852325439453,0.2816852033138275,-0.2295076996088028,0.0146942138671875,0.2729312479496002,-0.19195090979337692
0.4648953378200531,0.35983434319496155,0.06918959319591522,-0.062229156494140625,0.06410682201385498,-0.10559581592679024,-0.03023424744606018,-0.019769251346588135,-0.36476702988147736,-0.019664913415908813,-0.04062885046005249,-0.4106559604406357,-0.014495283365249634,-0.043105483055114746,-0.40224115550518036,-0.014861345291137695,-0.03639134764671326,-0.37011559307575226,0.575965940952301,0.3604223430156708,0.06918959319591522,0.013563573360443115,0.1368100941181183,-0.14732973277568817,0.023434042930603027,0.25599995255470276,-0.1784806251525879,0.027737677097320557,0.2873816192150116,-0.19114764779806137,0.020150721073150635,0.28563055396080017,-0.22865599393844604,0.014796316623687744,0.2774270474910736,-0.18923068046569824
0.4650304317474365,0.36038675904273987,0.06692801415920258,-0.06772151589393616,0.04455795884132385,-0.08388040587306023,-0.0304144024848938,-0.03770071268081665,-0.3050125986337662,-0.017460882663726807,-0.05275443196296692,-0.3462027758359909,-0.010757118463516235,-0.0515008270740509,-0.3392132967710495,-0.012736886739730835,-0.046052515506744385,-0.31040163338184357,0.5760482549667358,0.3603402376174927,0.06692801415920258,0.013977885246276855,0.1370227336883545,-0.1473046839237213,0.025276124477386475,0.2559823989868164,-0.17757809907197952,0.03129678964614868,0.2876707911491394,-0.18956049531698227,0.023387789726257324,0.2861648201942444,-0.22776548564434052,0.017140448093414307,0.27809029817581177,-0.18793517351150513
0.46499377489089966,0.36032071709632874,0.0427812859416008,-0.07062861323356628,0.02965456247329712,-0.0787668526172638,-0.029980570077896118,-0.05024033784866333,-0.2839399352669716,-0.012592911720275879,-0.06369319558143616,-0.32452481240034103,-0.005666017532348633,-0.06105735898017883,-0.3146871253848076,-0.00929880142211914,-0.05539688467979431,-0.28841324895620346,0.5760706067085266,0.36025363206863403,0.0427812859416008,0.014705657958984375,0.1374543011188507,-0.12450521439313889,0.02887779474258423,0.25635284185409546,-0.16179738193750381,0.03496420383453369,0.28804200887680054,-0.17555200308561325,0.027983009815216064,0.2867467999458313,-0.21574769169092178,0.02185845375061035,0.2787213921546936,-0.1745273694396019
0.4649375379085541,0.36017176508903503,0.03309657424688339,-0.07299157977104187,0.014535844326019287,-0.051449963822960854,-0.02394890785217285,-0.06003159284591675,-0.198972649872303,-0.0037649571895599365,-0.07172897458076477,-0.2320089116692543,0.003192722797393799,-0.06800135970115662,-0.2248423621058464,-0.0013685226440429688,-0.06244322657585144,-0.2033727541565895,0.5760763883590698,0.36030784249305725,0.03309657424688339,0.01579493284225464,0.13793176412582397,-0.11517278850078583,0.03220468759536743,0.2568671405315399,-0.1503843441605568,0.03758394718170166,0.28903189301490784,-0.1634707972407341,0.03078484535217285,0.28779372572898865,-0.20487015694379807,0.02495819330215454,0.27961769700050354,-0.1636245772242546
0.46492132544517517,0.3593725860118866,0.033208392560482025,-0.07388198375701904,0.005069732666015625,-0.0007234513759613037,-0.0203704833984375,-0.0633445680141449,-0.08345849812030792,-0.0007164478302001953,-0.07388359308242798,-0.1100199893116951,0.006388634443283081,-0.0697217583656311,-0.10581393539905548,0.001970827579498291,-0.06417861580848694,-0.08808867633342743,0.5760799050331116,0.36097732186317444,0.033208392560482025,0.01711106300354004,0.1378771960735321,-0.1265413761138916,0.034490227699279785,0.2568718492984772,-0.15241161733865738,0.03933984041213989,0.28997138142585754,-0.16554070264101028,0.03263974189758301,0.2885414659976959,-0.20968271046876907,0.027053415775299072,0.27995565533638,-0.16689620167016983
0.46492356061935425,0.3574770390987396,0.02792564406991005,-0.07446309924125671,0.0014100372791290283,0.016092650592327118,-0.017972081899642944,-0.06384080648422241,-0.05778668262064457,0.0008875429630279541,-0.07481855154037476,-0.08385142311453819,0.007992327213287354,-0.07043671607971191,-0.080680962651968,0.0034216642379760742,-0.06470081210136414,-0.06288821622729301,0.5760967135429382,0.36196786165237427,0.02792564406991005,0.017805755138397217,0.13705313205718994,-0.12883256748318672,0.03588050603866577,0.2559272050857544,-0.14894409850239754,0.040516197681427,0.28942596912384033,-0.16215777769684792,0.033824265003204346,0.28776317834854126,-0.20782103016972542,0.028415977954864502,0.2789425253868103,-0.164061788469553
0.46549496054649353,0.35388052463531494,0.029736116528511047,-0.06750771403312683,0.010397672653198242,0.041655488312244415,-0.023005008697509766,-0.0598410964012146,-0.05834313854575157,-0.0034919679164886475,-0.07047829031944275,-0.08817416802048683,0.0041637122631073,-0.06597325205802917,-0.08852434530854225,7.230043411254883e-05,-0.059820085763931274,-0.06490008533000946,0.5761997103691101,0.363812655210495,0.029736116528511047,0.017657160758972168,0.13445201516151428,-0.11726164817810059,0.0356295108795166,0.25018033385276794,-0.14699069410562515,0.04064720869064331,0.2842073142528534,-0.16036085784435272,0.033762216567993164,0.28278425335884094,-0.20786908268928528,0.028364121913909912,0.2734468877315521,-0.16264480352401733
0.4662429690361023,0.3538174331188202,0.04420619457960129,-0.05993044376373291,0.013917207717895508,0.05591512471437454,-0.02618241310119629,-0.05512368679046631,-0.028401359915733337,-0.008573383092880249,-0.06752753257751465,-0.0544116972014308,-0.0008834600448608398,-0.06190025806427002,-0.05728380661457777,-0.0038816332817077637,-0.05576184391975403,-0.03505473583936691,0.5762837529182434,0.3644869029521942,0.04420619457960129,0.017541587352752686,0.13275760412216187,-0.11610820144414902,0.03513079881668091,0.24739786982536316,-0.15168703347444534,0.040215373039245605,0.2814994156360626,-0.16429191082715988,0.033283531665802,0.28025540709495544,-0.21196237951517105,0.027845442295074463,0.2709178030490875,-0.16728349030017853
0.4667605757713318,0.3537255823612213,0.05169074609875679,-0.05735328793525696,0.016268283128738403,0.05254681035876274,-0.02798590064048767,-0.05166468024253845,-0.03032839298248291,-0.011142373085021973,-0.06537741422653198,-0.05594064574688673,-0.003461211919784546,-0.059426575899124146,-0.05862319562584162,-0.006033986806869507,-0.05325663089752197,-0.036864085122942924,0.5763421058654785,0.3648510277271271,0.05169074609875679,0.017460107803344727,0.13176849484443665,-0.11920182034373283,0.03478443622589111,0.24605146050453186,-0.15487192943692207,0.03992104530334473,0.28013989329338074,-0.16723645105957985,0.03294992446899414,0.27896538376808167,-0.21419397369027138,0.027490079402923584,0.26965251564979553,-0.17014125362038612
0.46740442514419556,0.35371002554893494,0.06371841579675674,-0.05377355217933655,0.031067222356796265,-0.037471670657396317,-0.030696392059326172,-0.04588678479194641,-0.2711520865559578,-0.01708880066871643,-0.05990692973136902,-0.3138066306710243,-0.01013803482055664,-0.05628836154937744,-0.31018076092004776,-0.01115727424621582,-0.05114215612411499,-0.2789156958460808,0.5766277313232422,0.3655147850513458,0.06371841579675674,0.016728103160858154,0.13114434480667114,-0.13445204496383667,0.03371584415435791,0.24528273940086365,-0.1727883741259575,0.03931969404220581,0.2788803279399872,-0.1851830631494522,0.03201037645339966,0.27743181586265564,-0.23004869371652603,0.026414096355438232,0.2681819498538971,-0.1865350604057312
0.4680699408054352,0.3536354899406433,0.07124494016170502,-0.04702851176261902,0.056887805461883545,-0.08000406064093113,-0.0324612557888031,-0.03146713972091675,-0.36630676686763763,-0.02126285433769226,-0.046595245599746704,-0.41480062901973724,-0.014502197504043579,-0.04744035005569458,-0.4167625457048416,-0.014638006687164307,-0.042949676513671875,-0.3767431229352951,0.5771176218986511,0.3659007251262665,0.07124494016170502,0.01568657159805298,0.1308162808418274,-0.1408405527472496,0.02875155210494995,0.24491891264915466,-0.1805785372853279,0.0332149863243103,0.2784084379673004,-0.19386892020702362,0.025812149047851562,0.27670517563819885,-0.23639926314353943,0.02045440673828125,0.2676664888858795,-0.19319342076778412
0.4684225916862488,0.35389024019241333,0.08952805399894714,-0.04428929090499878,0.06822451949119568,-0.09327012440189719,-0.03333801031112671,-0.01910260319709778,-0.37979719042778015,-0.02396148443222046,-0.03836435079574585,-0.42753103375434875,-0.018244534730911255,-0.04144248366355896,-0.42897340655326843,-0.01767796277999878,-0.036125779151916504,-0.3898400068283081,0.5772862434387207,0.3658776879310608,0.08952805399894714,0.014597535133361816,0.13031554222106934,-0.15580401569604874,0.024711430072784424,0.2442682981491089,-0.19299937784671783,0.029388606548309326,0.2768750786781311,-0.20683366805315018,0.02208077907562256,0.2749693989753723,-0.24436849355697632,0.016718506813049316,0.2660526633262634,-0.2036283165216446
0.4689299166202545,0.354342520236969,0.10472553968429565,-0.047239750623703,0.0743359625339508,-0.10157777741551399,-0.034072697162628174,-0.0155295729637146,-0.38248640298843384,-0.02420315146446228,-0.03716650605201721,-0.4309046268463135,-0.018870830535888672,-0.03979909420013428,-0.42959627509117126,-0.018594890832901,-0.03382432460784912,-0.39125508069992065,0.5774861574172974,0.3657580316066742,0.10472553968429565,0.013742268085479736,0.12992694973945618,-0.15924479439854622,0.021942079067230225,0.2439737617969513,-0.19436976313591003,0.02670389413833618,0.27618226408958435,-0.2094133049249649,0.018978118896484375,0.2741975486278534,-0.24436581134796143,0.01347959041595459,0.26541373133659363,-0.20433443784713745
0.4688027799129486,0.3574640154838562,0.06790375709533691,-0.05998629331588745,0.06284457445144653,-0.0802844064310193,-0.03372916579246521,-0.023564189672470093,-0.3064126670360565,-0.01931595802307129,-0.04256206750869751,-0.3471509516239166,-0.014153391122817993,-0.04417267441749573,-0.3403307795524597,-0.0161706805229187,-0.038436055183410645,-0.311986967921257,0.577566385269165,0.3643787205219269,0.06790375709533691,0.013751387596130371,0.13599970936775208,-0.1488252878189087,0.022157728672027588,0.2542590796947479,-0.17685848474502563,0.025668084621429443,0.2859722673892975,-0.18958105146884918,0.017879188060760498,0.2846614420413971,-0.22282907366752625,0.01297527551651001,0.27553102374076843,-0.18632838875055313
0.46887120604515076,0.3583991229534149,0.06374441832304001,-0.06517258286476135,0.05346420407295227,-0.06824046932160854,-0.03372001647949219,-0.032883256673812866,-0.28127697855234146,-0.01612052321434021,-0.050192058086395264,-0.32188116759061813,-0.010763019323348999,-0.04944407939910889,-0.3255167827010155,-0.014171987771987915,-0.04361945390701294,-0.2884930595755577,0.5776401162147522,0.3639753758907318,0.06374441832304001,0.013804495334625244,0.1390836536884308,-0.15688011795282364,0.02233034372329712,0.25701579451560974,-0.18474259972572327,0.02588963508605957,0.2881009876728058,-0.1973005011677742,0.017986714839935303,0.2870469391345978,-0.233194001019001,0.013113975524902344,0.27825018763542175,-0.19523876160383224
0.46875277161598206,0.359409898519516,0.04714816063642502,-0.07078912854194641,0.037569284439086914,-0.0696712788194418,-0.031634628772735596,-0.043942272663116455,-0.2686956003308296,-0.011607080698013306,-0.06024983525276184,-0.30732717365026474,-0.005302727222442627,-0.0573449432849884,-0.3000703379511833,-0.009605735540390015,-0.05107909440994263,-0.27322062104940414,0.5776441693305969,0.36369866132736206,0.04714816063642502,0.013972699642181396,0.13991999626159668,-0.14442280679941177,0.02375638484954834,0.25718724727630615,-0.17109160870313644,0.028987467288970947,0.2885628938674927,-0.1838868036866188,0.020969390869140625,0.2874436378479004,-0.22254157811403275,0.014953076839447021,0.27874404191970825,-0.18280621618032455
0.46846866607666016,0.35934028029441833,0.027924325317144394,-0.07400864362716675,0.019595235586166382,-0.030745886731892824,-0.02516961097717285,-0.05569642782211304,-0.13441846892237663,-0.004295825958251953,-0.07065331935882568,-0.16282835230231285,0.0027886927127838135,-0.06641998887062073,-0.15719669684767723,-0.0020365118980407715,-0.05931535363197327,-0.1386496238410473,0.5776544809341431,0.36362114548683167,0.027924325317144394,0.014266788959503174,0.1400056779384613,-0.12453364953398705,0.02616596221923828,0.25694212317466736,-0.1504758857190609,0.03221243619918823,0.2886611521244049,-0.16197767481207848,0.025012493133544922,0.28756412863731384,-0.2024671696126461,0.01870894432067871,0.2788812816143036,-0.1632285676896572
0.4682939052581787,0.3592871427536011,0.024973250925540924,-0.07494789361953735,0.015075892210006714,-0.01635532919317484,-0.022635608911514282,-0.059144526720047,-0.11841657757759094,-0.001895815134048462,-0.07388874888420105,-0.14646482467651367,0.00531381368637085,-0.06953370571136475,-0.14116864651441574,0.0005449652671813965,-0.06228959560394287,-0.12276171892881393,0.5776644945144653,0.3635707497596741,0.024973250925540924,0.014458298683166504,0.1400829553604126,-0.12127941101789474,0.027529001235961914,0.25680094957351685,-0.14633877575397491,0.03388047218322754,0.28873878717422485,-0.15715665370225906,0.027002453804016113,0.2876543402671814,-0.1988900974392891,0.020648419857025146,0.2789784073829651,-0.15988057106733322
0.46822747588157654,0.3571487367153168,0.018289435654878616,-0.0768381655216217,0.005102396011352539,-0.007367316633462906,-0.019414693117141724,-0.06032454967498779,-0.10521020367741585,0.0007352530956268311,-0.07281166315078735,-0.13338669762015343,0.008032470941543579,-0.06840607523918152,-0.12809521332383156,0.0037383735179901123,-0.06162971258163452,-0.109646525233984,0.5778992176055908,0.3637470602989197,0.018289435654878616,0.015283405780792236,0.1403740644454956,-0.12217824533581734,0.029772162437438965,0.2574671506881714,-0.13949796929955482,0.035354018211364746,0.2903479337692261,-0.1515856571495533,0.02850651741027832,0.2892460823059082,-0.1936674751341343,0.02243572473526001,0.28007107973098755,-0.15282662585377693
0.46844959259033203,0.3531760275363922,0.02353810891509056,-0.0756010115146637,-3.2007694244384766e-05,0.08335066214203835,-0.01838788390159607,-0.06097707152366638,0.08096012100577354,0.00040397047996520996,-0.07320284843444824,0.06195010617375374,0.00778999924659729,-0.06730461120605469,0.05851254239678383,0.003673553466796875,-0.060393184423446655,0.07455121353268623,0.5787945985794067,0.3649904131889343,0.02353810891509056,0.017450809478759766,0.13887089490890503,-0.13627340272068977,0.03199410438537598,0.2561222314834595,-0.1535857580602169,0.03696340322494507,0.2888564467430115,-0.16952916607260704,0.029912292957305908,0.28780603408813477,-0.214030172675848,0.024190068244934082,0.2787863612174988,-0.16816866025328636
0.46908897161483765,0.35234203934669495,0.026850774884223938,-0.07014819979667664,0.004797697067260742,0.08374708890914917,-0.019801735877990723,-0.057856857776641846,0.06009124964475632,-0.0014469921588897705,-0.07103922963142395,0.0392187237739563,0.005738377571105957,-0.0653945803642273,0.03371087461709976,0.001872926950454712,-0.058553338050842285,0.05280062556266785,0.5803208947181702,0.36631661653518677,0.026850774884223938,0.017533063888549805,0.13709306716918945,-0.134507417678833,0.03195697069168091,0.2541375756263733,-0.15653668344020844,0.03646570444107056,0.28712373971939087,-0.1721814125776291,0.029228031635284424,0.28574174642562866,-0.21720491349697113,0.023726463317871094,0.2766575217247009,-0.17138701677322388
